1413,0,
1414,1,
2,1416,
720,723,3,1417,654,663,
720,723,1009,115,122,4,1418,658,664,
1417,5,1433,
1419,6,
7,56,
8,57,
9,58,
10,59,
964,11,18,24,29,
720,723,3,12,19,148,684,691,
115,122,4,13,20,1510,
1013,14,
2,8,15,974,
9,16,55,62,1433,
975,5,10,17,
11,18,973,967,
3,12,19,975,716,544,981,988,995,1002,
975,5,13,20,1510,
21,28,1008,
22,30,6,10,17,
984,1068,23,31,
24,29,1010,
25,32,344,255,37,44,
1247,133,140,26,904,
267,261,268,1010,27,906,
21,28,2,8,15,
24,29,37,44,1509,
1009,22,30,
984,1068,23,31,
1006,25,32,
1008,26,33,
351,358,365,372,1010,27,34,
35,42,972,2,1416,
972,36,43,
344,283,37,44,976,
54,61,9,16,976,38,45,
39,46,973,1009,115,122,
720,723,40,47,148,684,691,
41,48,977,
35,42,972,
264,271,36,43,115,122,
37,44,976,265,1251,
22,30,38,45,
971,39,46,
720,723,40,47,975,980,529,509,530,
41,48,977,
49,1034,
50,57,66,41,48,
1416,1009,51,58,1432,1433,
1011,52,59,69,
1006,53,60,65,
1008,54,61,67,
1010,55,62,68,
49,56,63,260,1248,1009,1508,
964,64,
70,77,221,228,561,89,
694,71,78,653,661,1437,
84,88,72,79,1009,115,122,
695,73,80,354,1209,523,530,
74,81,125,129,
654,663,699,75,83,
657,662,696,76,82,
70,77,656,660,695,
609,547,78,
72,79,126,128,
720,723,611,549,80,414,421,
720,723,612,550,81,658,664,
261,1236,1258,1265,551,82,
614,552,83,
84,88,72,79,
85,89,74,81,
86,90,75,83,
94,509,516,1216,375,87,91,
84,88,93,721,724,
85,89,94,699,75,83,
86,90,75,83,
74,81,265,272,87,91,
92,533,540,85,89,
93,669,676,683,690,699,
698,94,699,95,
699,95,
96,1048,1055,1023,1028,1035,54,61,66,
97,1049,1060,1004,
115,122,98,1050,1057,1039,
720,723,100,107,148,684,691,
115,122,262,269,101,108,1510,
22,30,102,109,
103,110,
1007,1016,104,111,1024,522,529,536,543,
105,112,
971,99,106,1506,
720,723,100,107,975,980,529,
161,168,176,183,101,108,977,
974,261,268,1071,1078,1087,1094,1102,373,102,109,
1011,113,120,
114,121,353,374,1009,1508,
116,123,1012,
117,1007,1042,
139,1016,118,100,
656,660,506,513,1031,119,
262,1250,658,664,672,679,120,
1006,114,121,
54,61,9,16,116,123,188,1040,
124,127,130,696,76,82,
124,127,73,80,1010,976,
695,130,
720,723,126,128,131,
132,139,53,60,64,
134,141,976,
135,156,
136,157,413,420,535,542,980,529,646,650,
720,723,137,143,150,158,414,421,
65,620,627,138,159,6,
1413,132,139,53,60,
974,134,141,1509,1510,
252,136,142,149,157,275,1451,
720,723,137,143,150,158,414,421,
975,138,144,151,159,1012,
135,145,152,156,
1006,146,153,
147,154,983,1067,
136,142,149,157,
720,723,137,143,150,158,414,421,
284,138,144,151,159,348,
135,145,152,156,
1006,146,153,
147,154,983,1067,
720,723,100,107,148,155,658,664,
135,156,
136,142,149,157,
720,723,137,158,414,421,
138,144,151,159,
160,167,175,182,1423,
161,168,562,571,552,83,
235,242,162,169,1468,
236,243,163,170,
164,171,235,242,1424,1425,
176,183,165,172,
166,173,180,187,981,531,538,545,
174,181,617,624,217,238,166,173,
222,229,177,184,
216,581,178,185,
174,181,164,171,179,186,220,227,
189,196,203,210,
190,197,386,
191,212,
720,723,192,199,207,214,658,664,
193,213,
194,215,
351,358,365,372,262,272,188,195,202,209,
191,198,388,
193,200,206,213,
194,201,208,215,
190,197,204,211,1423,1424,1425,1426,
191,198,205,212,
720,723,137,158,218,239,658,664,
413,420,535,542,262,272,219,240,
216,223,230,237,
114,121,217,224,231,238,1009,
720,723,261,268,218,225,232,239,658,664,
219,226,233,240,
216,237,221,228,234,241,979,986,993,1000,192,214,
244,248,1421,1422,1423,1424,
245,249,983,1067,148,155,1425,1426,
656,660,645,649,246,251,
247,250,
253,275,
254,100,107,148,155,277,1453,
720,723,345,256,658,664,
345,257,219,240,
535,542,346,258,631,640,
259,266,
263,270,
273,1939,254,
252,274,1450,
254,261,268,276,1452,1453,
256,278,1454,
256,293,313,279,
280,274,
281,344,
342,282,1390,1397,1375,
346,285,981,531,538,545,
346,286,
287,294,
288,295,1423,1424,1425,
289,296,
290,297,
720,723,291,312,633,639,
292,298,308,311,
720,723,291,299,309,312,262,1250,658,664,
293,300,310,313,
301,1246,1070,1077,1112,1119,
302,1247,
303,1248,1424,1425,
720,723,304,1249,654,663,509,516,523,530,
720,723,619,626,305,1250,658,664,
1249,306,
267,983,1067,1015,16,976,307,
314,335,
315,337,1423,1424,1425,
292,311,909,916,923,930,316,325,332,339,
1010,976,317,341,
971,318,323,330,337,3,12,19,
1407,1416,319,339,1075,1082,1117,
336,260,267,85,556,591,598,606,320,
314,321,328,335,1073,1080,1084,1091,1173,1194,417,605,
328,322,
315,323,330,337,1423,1424,1425,
324,331,338,1071,1078,1087,1094,1102,373,317,327,334,
326,333,
262,269,265,272,317,327,334,341,
1413,318,322,329,337,3,
344,283,316,325,333,340,
349,370,343,282,
413,460,536,543,347,286,
350,371,85,89,74,81,
352,373,247,250,
374,344,256,138,159,355,
349,356,363,370,
252,350,357,364,371,275,
352,359,366,373,
360,367,1514,1515,1516,
720,723,353,1208,1215,361,368,1209,523,530,
914,935,355,362,369,375,
720,723,353,1208,1215,361,368,376,658,664,
377,384,260,268,1424,
971,378,385,1009,
301,1350,1325,374,379,386,
720,723,380,387,968,1418,658,664,
381,388,
382,389,
1126,702,914,921,928,935,383,390,
391,398,
392,402,
393,399,
394,403,1480,1481,1482,
459,494,395,400,1481,
396,404,
397,401,
405,412,
406,413,1479,
496,407,415,422,
408,414,1481,
412,409,1099,1106,1112,1119,
410,417,578,239,414,1481,1482,
413,420,535,542,414,411,418,580,240,
1171,1178,416,423,
412,419,533,1410,1416,
1097,370,350,371,1070,1077,1085,1092,417,424,
418,425,
426,431,
430,533,638,427,
474,428,
475,429,
432,468,
428,433,
434,441,
435,442,
436,443,1486,1487,1488,
437,444,450,457,464,471,
438,445,
439,446,
440,447,
448,469,
449,470,1487,1488,1489,
1100,372,1071,1078,1087,1094,1177,1184,451,458,465,472,
859,441,452,459,645,649,
1070,1077,1085,1092,453,460,646,650,
695,73,80,1071,1078,1087,1094,454,461,
448,455,462,469,
449,456,463,470,
430,466,
473,506,527,467,
477,484,1437,1438,
479,486,
653,661,480,490,718,646,650,
481,488,
480,490,718,670,691,482,491,640,
476,483,
478,485,
480,487,
537,500,489,
492,420,1437,1438,
419,493,
495,396,404,422,
420,669,676,683,690,497,
461,498,
480,490,499,488,
1332,501,1352,1326,
720,723,353,1333,502,1250,658,664,
1249,354,1334,503,
504,511,518,525,
505,526,
506,527,
507,514,521,528,
508,529,
510,531,
505,512,519,526,1436,1437,
656,660,506,513,520,527,535,1411,1417,
720,723,353,1208,521,528,508,515,522,529,
510,517,524,531,
532,539,714,717,668,689,
414,421,537,544,1426,
546,77,982,989,996,1003,612,
610,548,79,
546,553,565,568,
609,547,554,175,182,
548,555,179,186,613,
720,723,611,549,556,176,183,658,664,
343,254,612,550,557,180,187,
234,241,979,527,721,724,613,551,558,
591,598,606,614,552,559,
560,567,548,555,1465,
551,558,563,573,
564,570,551,558,
550,557,566,572,
561,569,578,585,
574,237,1,1415,612,
575,582,175,182,612,
720,723,611,577,584,176,183,658,664,
909,930,613,579,586,177,184,
576,583,591,598,
180,187,219,587,
588,595,1266,1270,1240,268,166,173,
574,581,589,596,1471,1472,
146,153,221,228,590,597,604,1010,
549,556,592,599,
578,585,593,600,1475,
262,269,222,229,594,601,608,
602,610,
603,611,
607,615,
605,613,
576,238,413,460,646,650,615,
616,623,
618,625,1423,
413,420,535,542,262,269,621,628,1426,
220,242,381,388,622,629,
630,637,644,648,
632,638,645,649,1071,1120,
634,641,997,1004,
726,459,534,541,635,642,
709,712,191,198,205,212,636,643,
166,173,180,187,981,531,647,651,
652,659,533,540,
646,650,655,665,
666,687,
667,688,
666,687,668,689,
720,723,657,662,670,691,
671,692,
666,673,680,687,
667,674,681,688,
668,675,682,689,
130,670,677,684,691,697,
671,678,685,692,
672,679,686,693,
700,707,727,763,
701,1126,
914,921,703,
704,1129,352,359,366,373,
1100,372,705,465,472,
928,935,706,
708,711,704,
353,360,367,374,635,642,710,713,
714,1410,1416,
715,542,
714,717,534,541,261,268,4,1418,
720,723,715,718,670,691,
716,719,722,725,
728,764,
764,729,
730,1318,1325,374,913,920,927,934,705,
731,1319,1326,376,705,
374,635,642,732,1320,1327,
726,733,740,1374,1126,
637,492,734,743,1404,
735,802,809,729,
1304,633,639,496,736,746,
730,737,742,1400,1123,1126,
763,731,738,756,1481,1482,
764,732,739,785,792,757,
741,748,
744,751,
777,783,790,745,1284,
747,741,1357,1378,
742,749,
743,750,
745,752,
755,410,417,424,1102,373,1277,753,
740,747,754,459,534,738,
0,7,1295,1299,748,758,541,
637,644,648,1275,749,759,
738,783,790,760,
761,726,
762,727,
730,765,
731,766,
732,767,
768,775,782,789,741,748,797,804,
1295,803,769,1289,
770,777,802,809,
1297,805,771,1291,
761,772,779,755,
807,727,763,773,1445,1446,
808,728,764,774,
776,743,750,798,1698,
778,799,
780,801,
781,802,
784,791,1633,
786,793,1632,
735,787,794,757,
788,795,
775,796,
726,733,800,807,
1,8,1296,804,728,408,
770,777,787,794,799,806,
810,902,
259,811,46,973,260,268,
812,904,
146,153,912,919,1128,260,813,47,
1416,305,814,48,55,62,1713,
262,815,48,113,120,
227,235,891,898,905,816,823,830,
301,810,817,825,241,
301,810,818,825,889,827,227,235,242,
819,827,834,1243,815,
820,898,48,27,
821,898,
822,900,
824,887,
826,889,
1370,1377,1285,1293,1382,814,821,828,835,
829,892,
831,1370,1377,1374,220,1641,
817,825,832,1256,1271,883,890,897,
609,574,582,234,833,883,242,
1241,814,821,828,836,1573,
1243,816,823,830,837,
873,838,1876,
873,880,167,175,833,839,
861,871,878,840,847,857,
875,841,
1363,842,849,867,874,1371,1766,
843,850,855,1280,1362,1573,
879,844,
866,845,
867,874,839,846,
868,875,841,848,
876,844,851,868,
852,860,
853,1275,1375,863,
854,862,
862,856,
864,858,
860,442,1099,1106,1112,1119,291,299,309,312,
708,711,861,443,1190,1197,450,457,
374,862,444,1172,1226,1516,1517,
695,73,80,863,445,454,461,
1100,372,1010,148,155,864,446,451,458,465,472,
1102,373,865,447,
869,876,840,847,1754,
870,849,1751,
872,851,
860,870,877,882,834,1368,1305,
881,182,304,1235,
884,836,
885,837,
905,1237,886,893,900,
881,888,826,833,1254,1261,
894,902,813,820,
817,895,1779,
818,896,903,813,
821,899,1783,
901,811,
1006,25,902,1248,
815,907,
908,929,
910,917,925,932,
930,911,1621,
908,915,922,929,
199,207,918,924,1621,1622,
912,919,926,933,
974,192,931,101,109,
936,958,
937,944,952,960,
708,711,938,960,1126,
939,946,954,961,
974,940,947,955,962,188,1065,
1182,452,734,801,808,702,941,
953,960,262,269,621,628,942,949,
943,951,
945,953,1830,
948,956,
950,957,264,271,938,945,
937,959,1126,1129,
913,934,940,947,955,963,
965,1415,
966,1416,
1417,969,1433,
1417,1010,976,970,
978,525,532,539,
978,985,992,999,
966,1416,980,987,994,1001,1425,
726,459,534,541,983,990,
984,991,998,1005,
700,1007,114,121,704,
1014,1035,
140,1017,1024,1031,1064,116,
1031,1038,1018,1025,1860,
1019,1065,
1020,1027,
1021,1028,1962,1963,
255,261,268,1010,1015,1022,1216,362,369,375,279,
51,1036,1018,1026,1033,1040,
1029,1036,1018,1025,
1413,96,1023,1030,1037,54,61,
1032,1026,
1041,1037,
50,57,12,19,1043,1050,1061,1068,
105,112,1039,1044,
132,139,1045,1052,1056,118,
1066,1014,15,1046,1536,
1066,147,122,1010,1047,
1025,1032,1051,1058,
1053,1060,
1054,1061,
1052,1059,
1048,1055,1062,1016,
1013,1020,1030,1063,1948,
1069,1076,1145,1152,1561,
1072,1079,1114,1121,
1112,1119,1074,1081,1466,1467,1468,
1138,1083,1091,1099,1106,1159,1605,
1081,1086,1094,1102,1108,1117,1846,
1100,1107,1088,1095,
1191,1198,1089,1096,
1083,1090,1189,1196,
989,996,1003,1074,1081,1086,1093,450,
1083,1090,1098,1105,
1086,1093,1101,1107,1151,1158,
862,869,847,446,1103,1109,1114,1121,
1097,1104,1145,298,308,1139,1146,1153,1086,1093,
1099,1110,1087,1094,1177,1184,
1076,1111,1477,
1078,1113,
1080,1115,1842,
1081,1116,
1118,1070,
1231,1131,1138,1115,1122,260,1612,
1075,1124,
1125,701,261,1249,
731,543,1127,
1126,732,767,1130,
1090,1098,371,1132,1139,1085,
283,1133,1140,1151,1158,1114,1121,348,
1116,1123,262,269,914,935,1134,1141,1148,1155,
174,181,1135,1142,1146,1153,1159,1165,166,173,
260,267,1136,1143,1113,1120,716,544,
1137,1144,1161,1167,
1147,1154,1467,
1076,1149,1156,1112,
1150,1157,1466,
283,1074,1081,1160,1166,278,
1162,1168,351,1110,
1163,1169,293,1141,1148,1155,
197,204,211,291,1140,1147,1154,1164,1170,135,
1174,1181,
1171,1178,1175,1182,1189,1196,1085,1092,
435,443,1176,1183,
1172,1179,
1180,1187,
1185,1192,
1183,1186,1866,
450,471,1188,1195,
1176,1193,
1196,1199,
1198,1200,1979,
1080,1199,1201,1100,1110,1116,
1191,1202,
1203,1210,
1204,1211,1514,1515,1516,
1208,1215,1205,1212,376,138,159,355,
1209,1216,1206,1213,
1207,1214,
1217,1224,267,261,1249,354,
1218,1225,
1219,1226,1223,1230,
1220,1227,
1221,1228,1514,1515,1516,
1222,1229,1516,1517,
1231,0,1414,1008,974,261,
1232,881,888,895,902,
252,259,1233,1255,1262,576,238,276,
281,264,1234,1256,1263,549,80,262,269,277,
220,227,176,183,265,1238,1213,375,
1239,360,1271,
610,1267,1271,1241,1249,
1242,1236,
217,583,591,598,1269,1273,1243,1251,
1244,1238,
1249,614,1268,1272,1245,
1203,1252,1259,1240,1247,353,
1242,1236,1253,1260,
605,306,1238,1257,1264,
1274,1321,64,1008,974,
63,1275,1322,
353,360,367,374,137,158,1276,1323,68,
66,914,935,1277,1324,
1278,1325,374,
1279,1326,376,
374,983,990,997,1004,1280,1327,1517,
1281,1299,
1282,1300,
1283,1301,
1286,1294,
1287,1292,
1281,1288,1295,1299,
1290,1297,
1284,1291,1298,1302,
1303,1386,1393,
1126,728,764,732,1320,1306,
1307,1314,1321,
1308,1315,1322,12,19,1015,16,976,970,
1309,1316,1323,
1312,1319,1326,376,5,1310,1317,1324,
0,1311,1318,1325,374,
968,1313,1320,1327,375,383,390,
1328,1335,1342,1008,54,61,
1,1329,1336,1343,1424,
1386,1393,1400,1407,1330,1305,
1387,1394,1401,1408,1331,1338,1345,
3,1330,1337,1344,
1203,1210,1332,1339,1346,1279,1326,
1390,1397,1340,1347,1425,1426,
1008,147,154,1279,1326,1219,1226,1334,1341,1348,
1349,1321,11,18,973,260,
264,1351,1322,1312,1319,1326,376,
261,1353,1323,68,
374,913,920,927,934,262,1354,1327,1517,
1330,1383,1355,1324,
1356,1377,
1358,1379,
1359,1380,
1360,1367,
1361,1368,
761,726,392,1293,1357,1364,839,846,444,453,
1358,1365,1372,1379,
1359,1366,1373,1380,
1362,1369,
1276,1376,
1381,1350,
1235,1258,1265,1269,1273,1369,1384,
1391,1398,1306,
1417,293,313,1388,1395,1402,1409,
1389,1396,1403,1410,1416,
1390,1397,1404,1411,1418,
1391,1398,1405,640,647,651,
1385,1392,1399,1406,1415,
1417,654,663,537,1412,
